0 2.42 5.30
1 5.62 7.60
2 8.34 9.96
3 11.42 14.46
4 16.00 18.92
5 20.00 22.52
6 23.34 25.88
7 27.10 29.68
8 30.92 32.82
9 34.24 35.58
10 34.70 36.10
11 39.00 41.56
12 49.56 50.64
13 50.06 52.24
14 53.12 55.88
15 56.08 58.36
16 59.26 61.72
17 63.14 65.94
18 69.74 70.84
19 70.18 72.32
20 77.76 79.54
21 84.74 87.32
22 93.70 96.68
23 99.68 102.62
24 108.24 111.20
25 116.10 118.96
26 124.54 127.42
27 132.40 133.96
28 133.28 134.92
29 140.24 143.28
30 142.40 143.72
31 148.80 151.78
32 156.04 158.96
33 164.62 167.60
34 182.22 184.04
35 188.24 190.84
36 194.48 197.30
37 201.60 204.46
38 209.08 211.50
39 217.08 219.60
40 224.56 227.04
41 231.96 235.66
42 239.86 242.54
43 246.30 248.92
44 253.66 256.56
45 261.48 263.96
46 269.94 271.92
47 277.84 280.10
48 284.84 287.74
49 298.66 301.16
50 313.70 314.94
51 314.28 316.42
52 321.24 323.98
53 329.54 330.88
54 330.56 333.42
55 342.76 345.76
56 350.34 351.86
57 351.38 354.14
58 358.44 359.68
59 359.12 360.50
60 365.12 368.06
61 372.40 375.18
62 388.70 391.52
63 395.82 398.90
64 404.48 407.56
65 412.18 415.00
66 419.78 422.06
67 425.82 429.06
68 434.26 437.44
69 441.52 443.80
70 449.80 452.60
71 456.86 458.04
72 457.64 459.46
73 458.80 460.14
74 465.44 467.76
75 473.16 475.70
76 480.48 483.46
77 491.18 493.86
