0 2.42 5.28
1 5.68 8.58
2 9.62 12.40
3 13.02 15.88
4 18.68 21.50
5 22.50 25.04
6 24.90 27.56
7 29.74 32.34
8 38.48 41.24
9 43.38 46.30
10 46.12 48.30
11 47.64 48.82
12 48.44 51.54
13 53.46 55.02
14 54.16 55.36
15 55.04 57.08
16 56.58 58.10
17 59.40 60.82
18 61.60 64.40
19 63.92 65.64
20 65.20 66.76
21 65.90 67.98
22 70.54 73.62
23 72.86 74.20
24 73.64 76.60
25 76.40 78.04
26 77.38 79.00
27 79.32 81.92
28 88.22 91.36
29 92.70 94.98
30 94.08 95.42
31 96.20 98.62
32 100.62 101.88
33 102.12 103.36
34 107.82 110.44
35 113.04 115.68
36 117.62 120.56
37 121.30 122.38
38 125.28 128.16
39 130.60 133.44
40 136.98 138.06
41 141.30 143.90
42 144.24 146.18
43 145.36 147.40
44 148.56 151.08
45 152.68 154.84
46 156.16 157.36
47 156.50 158.30
48 157.46 158.66
49 159.58 162.24
