0 2.42 5.38
1 4.84 7.92
2 7.12 8.48
3 8.44 9.80
4 10.36 13.00
5 13.34 15.80
6 16.10 18.06
7 18.58 21.56
8 21.28 24.26
9 24.56 27.60
10 27.82 30.56
11 30.66 33.62
12 34.14 36.30
13 37.10 40.14
14 40.60 43.24
15 43.42 46.18
16 46.30 49.20
17 50.36 52.72
18 54.38 57.38
19 57.52 60.50
20 61.26 64.24
21 64.10 67.04
22 66.90 69.88
23 70.28 72.74
24 73.04 76.02
25 76.56 79.50
26 79.60 82.26
27 82.40 85.38
28 85.80 88.52
29 88.72 91.68
30 92.40 95.18
31 95.54 98.40
32 98.78 101.72
33 102.10 105.02
34 105.34 108.28
35 112.00 113.40
36 112.70 114.64
37 115.80 118.76
38 119.32 122.26
39 122.82 125.80
40 125.52 126.68
41 126.02 128.10
42 128.44 130.76
43 130.82 133.60
44 133.48 136.20
45 136.14 138.68
46 139.70 142.68
47 142.58 145.54
48 145.54 147.08
49 147.18 148.50
50 149.02 151.92
51 152.20 154.66
52 155.44 156.86
53 159.34 160.84
54 163.18 166.12
55 169.44 171.98
56 178.80 181.68
57 185.74 187.38
58 187.70 190.70
59 190.38 192.02
60 191.56 194.06
61 194.22 196.76
62 196.80 199.56
63 199.24 202.20
64 202.02 204.38
65 204.74 207.66
66 210.58 211.80
67 211.06 212.44
68 213.38 214.60
69 213.78 215.96
70 216.44 217.82
71 216.96 218.14
72 217.26 218.38
73 219.64 222.50
74 222.94 225.80
75 225.96 228.96
76 228.72 229.98
77 231.56 234.14
78 235.28 238.42
79 239.04 241.04
80 240.36 241.86
81 242.08 245.36
82 245.20 248.10
83 247.58 249.60
84 249.22 251.98
85 251.94 254.60
86 254.78 257.82
87 257.50 260.62
88 260.62 263.08
89 262.72 265.32
90 264.76 267.66
91 270.36 272.04
92 273.90 276.72
93 276.42 279.30
94 279.26 282.24
95 282.18 284.94
96 285.44 288.02
97 288.70 291.70
98 291.84 294.82
99 294.60 295.78
100 295.14 297.34
101 296.56 297.80
102 297.44 300.48
103 300.94 304.06
104 304.24 307.46
105 307.74 311.06
106 310.74 313.50
107 313.48 314.78
108 316.22 319.14
109 319.30 322.34
110 322.18 324.76
111 324.90 327.64
112 327.72 330.26
113 330.64 333.44
114 333.36 335.70
115 335.14 339.04
116 339.34 341.66
