0 2.42 5.30
1 4.44 6.64
2 7.00 9.92
3 11.06 12.36
4 12.38 14.46
5 13.64 17.00
6 17.66 19.72
7 19.22 20.34
8 20.42 23.32
9 23.26 24.44
10 24.76 26.08
11 25.98 28.70
12 30.74 31.94
13 33.62 36.32
14 36.34 39.24
15 39.02 41.42
16 41.98 43.96
17 43.46 45.56
18 45.54 48.42
19 50.36 53.22
20 54.42 55.70
21 54.86 56.12
22 55.38 56.54
23 55.72 56.80
24 58.04 60.58
25 60.58 63.24
26 63.62 66.38
27 67.54 70.18
28 70.02 72.82
29 73.88 76.28
30 76.58 79.38
31 79.38 82.44
32 82.18 85.22
33 85.62 88.62
34 89.48 90.68
35 91.82 94.34
36 94.56 97.08
37 97.02 99.66
38 100.10 101.24
39 100.38 101.88
40 102.62 104.48
41 103.66 104.80
42 104.72 106.40
43 106.32 109.44
44 109.26 111.66
45 111.50 113.68
46 114.04 117.10
47 117.90 119.96
48 123.14 125.90
49 126.60 128.58
50 128.96 130.92
51 131.54 134.34
52 134.06 137.44
53 137.22 139.54
54 139.56 142.06
55 142.52 145.78
56 147.14 149.96
57 153.10 154.34
58 155.68 158.22
59 158.30 160.30
60 160.94 163.16
61 163.34 166.24
62 167.88 170.22
63 171.70 174.56
64 174.60 176.62
65 175.98 177.20
66 178.86 180.22
67 180.16 181.44
68 184.36 187.16
69 189.92 192.00
70 193.20 194.50
71 195.64 198.34
72 198.48 200.66
73 201.00 203.14
74 204.38 207.28
75 210.08 211.30
76 211.44 213.40
77 212.54 215.52
78 216.50 219.52
79 220.16 222.60
80 223.28 226.04
81 226.16 228.62
82 229.12 232.04
83 233.90 236.78
84 236.90 239.44
85 239.76 240.90
86 240.00 242.58
87 243.16 245.88
88 246.20 249.16
89 249.90 252.56
90 252.88 255.52
91 256.20 258.74
92 258.44 261.42
93 261.74 264.40
94 264.40 266.96
95 267.66 268.80
96 270.04 272.12
97 272.18 274.56
98 275.00 278.00
99 279.26 282.12
100 281.72 284.40
101 284.76 287.56
102 287.54 290.32
103 290.22 293.16
104 293.36 296.00
105 295.94 298.84
106 298.78 301.86
107 302.90 305.62
108 306.80 309.18
109 309.46 310.72
110 309.98 312.04
111 312.50 315.44
112 316.58 319.02
113 319.98 322.76
114 325.34 327.66
115 329.96 332.82
116 333.00 335.90
117 335.76 338.06
118 338.92 341.96
119 342.72 345.50
120 345.74 347.04
121 346.40 347.80
122 347.00 348.30
123 348.56 351.44
124 354.90 357.02
125 356.34 357.50
