0 2.42 6.92
1 7.34 9.86
2 9.90 12.66
3 12.88 15.24
4 15.52 17.60
5 18.24 20.50
6 21.02 22.78
7 22.20 23.32
8 22.86 25.80
9 26.68 29.04
10 28.94 31.62
11 31.30 33.80
12 33.68 36.24
13 36.26 38.90
14 39.08 40.32
15 39.92 41.04
16 41.56 43.22
17 43.58 46.08
18 46.28 49.06
19 49.42 51.78
20 52.26 54.86
21 55.20 58.12
22 59.88 62.44
23 65.42 67.86
24 68.96 71.92
25 73.22 74.38
26 76.52 78.82
27 78.64 81.00
28 81.54 82.68
29 82.08 83.24
30 83.30 85.22
31 86.00 88.22
32 88.38 91.30
33 91.86 93.98
34 93.22 94.46
35 95.64 97.14
36 97.22 98.70
37 99.40 101.66
38 101.76 103.98
39 104.60 107.38
40 108.76 111.44
41 112.26 115.34
42 124.10 125.38
43 133.58 135.58
44 137.06 139.98
45 140.96 144.00
46 144.70 147.52
47 148.24 150.96
48 151.02 153.50
49 154.10 156.30
50 155.46 156.56
51 157.66 159.30
52 160.06 161.60
53 161.10 163.32
54 165.70 167.94
55 168.10 170.24
56 170.86 173.24
57 173.80 176.74
58 176.80 179.06
59 179.70 181.98
60 183.26 185.78
61 186.06 188.14
62 190.80 192.12
63 197.48 199.90
64 200.48 202.78
65 204.88 206.14
66 205.32 206.90
67 206.90 209.32
68 208.86 213.44
69 214.42 217.44
70 218.38 219.90
71 220.84 223.78
72 224.22 227.10
73 227.62 230.78
74 231.72 234.56
75 235.38 238.70
76 238.90 241.88
77 242.62 245.14
78 248.90 251.60
79 252.40 255.08
80 255.26 258.24
81 259.48 262.64
82 263.12 265.88
83 266.84 268.94
84 270.14 272.08
85 273.46 276.26
86 276.84 279.52
87 280.12 282.38
88 284.02 285.80
89 286.66 289.38
90 289.54 291.92
91 292.34 294.96
