0 2.42 6.28
1 6.16 9.00
2 8.92 10.20
3 10.22 13.10
4 15.60 16.80
5 23.74 25.20
6 28.12 30.04
7 29.46 30.76
8 30.26 31.88
9 31.42 32.60
10 32.18 33.28
11 32.76 34.84
12 34.12 35.68
13 35.58 36.94
14 39.66 42.58
15 42.12 43.30
16 42.80 45.20
17 45.58 48.92
18 48.50 50.96
19 52.22 54.64
20 54.98 56.22
21 55.36 56.56
22 56.34 57.46
23 57.16 58.98
24 59.58 61.28
25 60.56 62.14
26 61.44 63.06
27 62.44 63.74
28 63.16 64.62
29 64.68 65.82
30 69.04 70.16
31 70.96 72.32
32 71.42 72.78
33 78.30 80.28
34 81.84 83.78
35 87.16 88.44
36 95.06 97.08
37 99.04 100.66
38 100.30 101.98
39 102.46 105.50
40 104.74 106.82
41 107.48 112.14
42 112.32 114.00
43 113.48 114.80
44 114.32 117.54
45 117.54 118.92
46 118.44 119.90
47 119.38 120.66
48 120.36 121.62
49 121.88 123.12
50 122.66 123.90
51 131.80 133.28
52 134.14 135.42
53 141.32 142.78
54 142.84 144.54
55 144.72 146.54
56 148.30 149.96
57 158.98 160.24
58 160.46 162.16
59 163.98 165.26
60 164.90 166.58
61 166.72 168.78
62 168.02 169.98
63 169.20 170.94
64 170.74 172.46
65 172.10 173.78
66 173.74 175.38
67 175.06 176.56
68 178.76 180.24
69 182.48 184.10
70 194.52 196.50
71 196.20 198.10
72 200.24 202.14
73 206.26 207.58
74 211.48 212.96
75 212.36 213.52
76 216.88 218.80
77 221.86 223.24
78 224.54 226.60
79 235.52 237.56
80 242.74 244.80
81 244.74 246.26
82 249.20 251.12
83 253.50 254.94
84 254.30 255.68
85 254.94 256.64
86 255.88 257.58
87 256.82 258.34
88 261.24 264.00
89 263.32 265.26
90 267.22 268.68
91 268.10 270.26
92 276.60 277.74
93 290.26 291.72
94 292.12 293.52
95 292.98 294.08
96 297.78 299.56
97 300.16 301.26
98 304.14 305.34
99 304.56 305.82
100 310.24 312.20
101 312.76 314.74
102 321.54 322.86
103 324.10 325.50
104 335.36 336.44
105 358.16 359.94
106 360.00 361.36
107 361.16 363.06
108 362.18 363.96
109 363.38 364.90
110 364.58 366.52
111 365.92 367.66
112 388.36 389.58
113 393.78 395.52
114 406.56 408.16
115 414.00 415.14
116 414.44 416.08
117 440.68 442.58
118 442.08 443.66
119 442.86 444.30
120 443.80 444.92
121 450.72 453.50
122 455.64 457.54
123 457.56 459.68
124 458.90 460.42
125 459.72 461.24
126 461.30 463.52
127 463.50 466.42
128 468.50 470.10
129 470.12 471.96
130 471.34 472.50
131 471.86 473.66
132 473.02 474.28
133 473.68 475.56
134 475.66 477.86
135 482.10 485.26
136 485.34 486.48
137 486.50 488.14
138 501.72 503.88
139 503.96 505.66
140 526.48 528.16
141 528.04 529.56
142 529.32 530.88
143 538.06 539.38
144 550.42 551.54
145 560.60 562.02
146 561.74 563.50
147 562.84 564.32
148 563.56 565.32
149 564.54 566.50
150 566.14 567.42
151 567.70 569.58
152 570.74 572.04
153 571.46 572.84
154 573.36 575.48
155 575.56 577.56
156 578.84 580.38
