0 2.98 5.60
1 6.36 9.06
2 10.84 13.50
3 16.32 19.16
4 19.18 22.14
5 23.70 26.38
6 27.82 30.18
7 33.18 35.00
8 34.30 37.42
9 37.72 38.88
10 38.10 39.50
11 39.56 41.94
12 41.40 43.60
13 42.92 44.52
14 47.44 50.30
15 54.30 57.06
16 60.36 61.72
17 62.42 65.34
18 69.02 70.30
19 70.16 71.46
20 71.06 72.20
21 71.54 73.50
22 72.68 74.24
23 73.38 75.16
24 74.80 76.60
25 76.28 78.98
26 78.56 80.02
27 79.18 80.76
28 80.56 83.20
29 82.36 85.38
30 87.46 90.48
31 91.24 93.86
32 97.44 100.80
33 101.98 104.56
34 104.88 107.00
