0 2.42 5.30
1 4.68 6.26
2 5.56 6.88
3 7.62 10.54
4 11.22 13.92
5 14.74 16.34
6 15.48 17.04
7 20.10 22.66
8 24.60 26.00
9 28.88 31.66
10 34.36 35.76
11 37.70 39.04
12 40.84 43.16
13 43.34 45.76
14 46.16 47.50
15 46.66 48.46
16 51.62 52.96
17 53.72 55.72
18 58.70 60.70
19 69.36 71.62
20 85.20 87.26
21 89.86 92.00
22 94.34 96.28
23 95.40 96.90
24 103.12 105.90
25 106.48 107.82
26 106.92 109.08
27 110.34 111.64
28 112.94 115.48
29 116.72 117.94
30 119.72 121.00
31 120.12 122.08
32 124.58 126.18
33 125.72 128.02
34 132.56 133.68
35 132.82 134.32
36 134.18 136.54
37 138.30 141.18
38 140.34 141.52
39 140.80 142.62
40 142.14 143.38
41 145.06 147.82
42 149.70 150.98
43 154.64 157.28
44 158.20 160.18
45 161.28 162.58
46 161.80 163.40
47 164.74 166.38
48 165.56 166.82
49 166.28 167.54
50 169.74 172.40
51 175.24 177.24
52 179.10 180.72
53 182.30 184.46
54 185.76 186.98
55 186.46 187.58
56 191.12 193.02
57 194.44 198.02
58 199.08 200.42
59 199.74 201.28
60 203.58 204.70
61 206.22 207.84
62 207.32 210.06
63 212.72 214.52
64 217.76 219.04
65 219.82 221.00
66 223.00 225.30
67 227.24 228.72
68 228.52 231.50
69 231.52 234.22
70 234.48 236.50
71 236.98 239.38
72 241.10 242.50
73 242.66 244.32
74 243.46 245.30
75 246.00 248.36
76 248.20 249.38
77 249.52 251.06
78 250.54 252.54
79 253.00 255.78
80 255.36 258.36
81 258.88 260.28
82 259.78 261.44
83 261.58 263.16
84 262.28 263.64
85 263.38 264.50
86 265.52 267.04
87 267.54 269.58
88 268.72 270.46
89 280.48 282.70
90 283.04 284.98
91 284.42 285.54
92 287.74 290.26
93 292.34 293.70
94 296.42 297.72
95 297.14 299.30
96 300.90 302.02
97 301.20 302.40
98 303.24 305.84
99 307.92 309.98
100 310.34 311.52
101 310.66 312.00
102 311.18 313.00
103 315.14 316.92
104 318.28 319.52
105 319.16 320.52
106 320.66 323.30
107 323.90 325.72
108 327.14 329.78
109 331.96 333.44
110 332.66 333.92
111 334.50 335.72
112 334.94 336.74
113 336.98 338.10
114 337.32 339.08
115 339.56 341.94
116 343.98 345.14
117 346.90 348.24
118 348.58 350.54
119 349.70 350.84
120 351.56 353.26
121 353.22 354.34
122 355.16 357.60
123 360.92 362.06
124 362.16 363.36
125 365.20 366.46
126 365.62 367.00
127 366.28 367.56
128 372.00 374.10
129 376.66 378.08
130 377.30 379.22
131 382.52 383.78
132 382.88 385.02
133 385.32 387.68
134 388.24 390.48
135 389.96 391.18
136 396.68 398.36
137 397.54 398.66
138 400.78 402.44
139 403.96 406.66
140 407.48 409.38
141 409.90 412.32
142 412.38 413.74
143 413.16 415.00
144 419.68 422.64
145 422.76 425.72
146 425.26 428.48
147 430.96 433.22
148 440.22 442.40
149 441.56 442.66
150 442.32 445.34
151 447.56 450.06
152 451.70 453.92
153 456.22 459.12
154 460.02 462.44
