0 2.42 5.30
1 4.78 6.60
2 6.54 8.62
3 8.68 10.40
4 10.30 12.62
5 12.32 14.46
6 16.52 17.84
7 18.18 20.12
8 19.64 21.80
9 26.32 28.36
10 28.76 30.24
11 32.96 34.60
12 34.68 36.86
13 36.90 38.06
14 39.12 40.48
15 41.38 42.48
16 43.22 45.32
17 45.46 47.48
18 47.84 49.26
19 54.82 56.10
20 55.28 56.54
21 56.88 59.12
22 61.18 62.92
23 63.30 65.10
24 65.02 67.34
25 67.34 69.38
26 71.34 72.58
27 73.26 74.44
28 76.86 78.60
29 78.64 80.96
30 81.00 82.66
31 83.04 84.38
32 84.44 86.44
33 86.34 88.58
34 92.82 93.90
35 93.20 94.30
36 104.20 105.88
37 106.10 107.62
38 114.86 116.56
39 118.04 120.04
40 120.10 122.32
