0 2.42 5.28
1 5.40 7.28
2 6.50 7.74
3 8.14 10.38
4 10.16 13.06
5 13.68 16.54
6 17.38 19.42
7 19.48 22.44
8 22.46 25.20
9 25.66 28.46
10 30.06 33.04
11 34.00 36.90
12 37.58 38.68
13 37.86 39.14
14 38.48 39.68
15 39.84 42.74
16 43.50 46.14
17 47.08 49.96
18 50.84 53.78
19 54.50 57.26
20 57.80 60.68
21 61.58 64.26
22 64.68 67.10
23 67.68 70.52
24 70.98 73.92
25 74.16 77.12
26 83.18 84.78
27 85.24 87.46
28 88.84 91.70
29 91.52 94.44
30 94.04 95.32
31 95.98 97.74
32 96.82 98.10
33 100.86 102.18
34 102.30 106.00
35 108.32 109.48
36 108.84 109.96
37 111.90 113.82
38 113.06 114.18
39 116.98 118.64
40 117.80 121.90
41 121.64 124.30
42 124.50 126.94
43 126.70 127.84
44 127.66 129.96
45 129.54 131.28
46 132.80 136.68
47 138.04 139.76
48 139.80 141.76
49 140.90 143.42
50 143.52 147.30
51 147.10 148.86
52 148.54 150.06
53 149.24 150.38
54 149.76 151.18
55 157.16 160.18
56 160.04 161.36
57 161.50 165.64
58 166.00 167.46
59 166.66 168.00
