0 2.42 5.28
1 4.78 7.32
2 7.26 9.52
3 8.96 10.14
4 14.64 17.66
5 17.18 19.02
6 19.14 20.30
7 20.56 28.26
8 29.90 31.02
9 31.54 33.84
10 35.54 38.40
11 38.38 40.76
12 40.74 43.76
13 43.36 44.68
14 44.82 46.12
15 45.74 48.54
16 48.92 50.92
17 52.28 54.78
18 55.12 58.06
19 59.34 62.20
20 61.46 62.76
21 62.42 63.76
22 63.00 66.04
23 66.22 67.42
24 66.84 68.12
25 68.26 69.78
26 71.02 73.72
27 75.14 77.56
28 78.14 80.84
29 80.70 84.04
30 84.00 86.70
31 90.62 92.24
32 91.56 93.32
33 94.52 95.86
34 97.04 99.82
35 100.06 102.52
36 103.72 106.42
37 106.58 109.42
38 109.58 112.28
39 113.66 116.08
40 117.22 119.34
41 118.68 119.82
42 120.76 123.70
43 128.54 131.64
44 134.78 137.64
45 141.88 144.60
46 144.54 147.44
47 147.28 149.98
48 150.50 151.94
49 152.60 155.42
50 155.28 158.18
51 157.90 160.82
52 161.00 162.14
53 161.40 162.52
54 161.62 163.70
55 163.58 166.54
56 166.72 169.44
57 169.50 171.72
58 171.76 174.66
59 174.70 177.56
60 178.12 179.70
61 179.00 180.16
62 180.42 182.86
63 182.88 186.02
64 186.70 189.72
65 190.60 192.78
66 194.20 197.24
67 197.82 200.30
68 200.66 203.36
69 203.88 206.56
70 209.76 211.04
71 210.32 211.58
72 213.30 215.70
73 218.12 220.94
74 220.66 222.38
75 221.78 223.46
76 222.62 223.78
77 223.08 224.84
78 225.00 226.98
79 227.42 229.46
80 230.54 232.68
81 232.80 235.66
82 236.10 238.58
83 239.14 242.18
84 242.58 244.26
85 243.88 245.34
86 245.64 248.38
87 248.42 251.30
88 251.38 254.28
89 254.76 256.60
90 258.28 260.88
91 261.72 263.62
92 269.16 271.78
93 272.52 275.36
94 275.88 278.16
95 278.62 280.10
96 280.42 282.98
97 283.00 285.74
98 287.84 289.16
99 290.00 292.32
100 292.38 295.02
101 295.00 298.10
102 297.80 301.00
103 302.52 305.58
104 307.50 308.90
105 308.06 309.40
106 308.60 309.74
107 310.64 312.62
108 313.92 315.36
109 314.42 315.54
110 314.56 316.24
111 322.96 324.08
112 323.42 325.44
113 325.58 328.58
114 328.66 331.28
115 331.16 333.60
116 333.86 336.46
117 336.90 339.46
118 340.26 341.84
119 342.46 344.98
120 345.10 347.56
121 348.10 349.82
122 348.96 350.56
123 349.80 351.02
124 351.80 353.82
125 353.86 356.12
126 357.02 359.78
127 360.12 362.80
128 364.70 366.82
129 366.08 367.40
130 367.24 370.14
131 370.40 371.80
132 370.96 373.10
133 373.06 375.82
134 376.34 379.22
135 378.66 380.82
136 380.98 383.76
137 385.32 388.08
138 388.18 390.82
139 390.44 392.76
140 393.78 395.82
141 395.54 398.18
142 398.44 400.86
143 401.46 403.46
144 402.72 404.20
145 404.98 407.50
146 406.68 407.82
147 408.42 411.36
148 412.88 414.88
149 414.10 415.98
150 415.50 418.20
151 418.42 419.64
152 419.16 421.18
153 421.92 424.72
154 425.02 427.40
155 427.30 429.90
156 430.44 433.16
157 433.20 435.72
158 435.74 436.88
159 438.48 440.10
160 441.24 444.08
161 449.86 452.40
162 452.94 455.04
163 459.32 461.62
164 461.56 462.80
165 461.96 464.18
166 464.14 466.82
167 467.32 470.32
168 471.30 472.56
169 471.84 473.22
170 472.60 473.86
171 473.14 474.26
172 474.74 477.78
173 478.60 480.76
174 481.84 484.38
175 487.64 488.92
176 488.56 489.80
177 488.98 490.12
178 489.28 490.42
179 491.06 493.96
180 493.46 494.94
181 495.80 498.82
182 499.80 502.18
183 501.46 504.48
184 506.34 508.48
185 507.82 509.16
186 510.28 511.56
187 511.02 512.44
188 518.54 520.48
189 526.24 528.42
190 529.14 531.28
191 531.40 534.70
192 535.28 537.78
193 538.78 540.92
194 541.76 544.10
195 545.04 547.36
196 550.38 553.10
197 553.34 556.28
198 556.26 558.14
199 557.68 558.88
200 559.04 561.74
201 561.80 564.12
202 563.90 567.10
203 567.44 570.22
204 570.26 572.86
205 573.18 575.26
206 574.54 575.84
207 575.94 578.80
208 579.04 581.98
209 583.18 585.06
210 584.24 586.18
211 588.66 590.12
212 590.84 593.30
213 593.98 595.56
214 594.68 595.80
215 597.78 600.12
216 600.40 603.24
217 603.50 606.06
218 606.80 608.80
219 607.96 609.12
220 610.12 612.16
221 613.08 615.80
