0 2.42 5.66
1 8.52 10.36
2 9.64 11.12
3 11.84 13.32
4 16.12 18.32
5 23.72 25.72
6 27.46 29.80
7 41.12 42.84
8 49.36 51.88
9 51.82 53.88
10 55.06 57.94
11 57.90 60.50
12 61.12 63.26
13 63.26 65.70
14 66.24 68.64
15 71.36 73.70
16 75.32 76.48
17 79.10 81.58
18 81.76 84.76
19 86.96 89.36
20 89.18 91.72
21 96.72 98.08
22 98.72 101.34
23 103.70 106.14
24 105.88 108.36
25 108.78 111.10
26 110.82 113.26
27 115.82 117.38
28 116.92 118.68
29 119.30 121.42
30 122.20 124.64
31 124.70 127.18
32 127.84 130.20
33 130.84 132.94
34 135.28 137.70
35 138.56 141.52
36 142.32 145.00
37 144.94 146.20
38 145.34 147.28
39 147.14 149.70
40 151.66 153.32
41 152.60 153.86
42 154.26 156.30
43 156.84 158.74
44 159.56 160.68
45 161.52 162.58
46 161.84 164.34
47 169.82 172.30
48 173.24 175.46
49 183.68 185.08
50 190.32 191.66
51 197.32 198.54
52 199.76 202.06
53 202.12 204.94
54 205.04 207.86
55 208.10 210.92
56 211.28 213.74
57 214.44 216.96
58 217.68 219.92
59 220.10 223.00
60 223.38 224.62
61 223.98 225.28
62 225.54 228.22
63 228.22 230.68
64 230.32 233.18
65 233.32 235.38
66 235.96 237.40
67 236.58 238.10
68 238.72 241.08
69 244.32 246.90
70 247.32 249.54
71 249.84 252.72
72 253.14 255.68
73 255.78 257.74
74 258.24 260.32
75 260.82 263.06
76 266.04 267.56
77 266.80 267.98
78 267.80 269.24
79 270.04 271.32
80 275.70 278.22
81 280.20 281.44
82 280.58 281.98
83 287.44 289.54
84 293.26 295.88
85 295.32 296.92
86 297.86 299.12
87 299.64 302.22
88 305.94 308.26
89 308.68 311.50
90 313.04 314.56
91 319.00 320.24
92 321.70 324.46
93 325.30 328.06
94 328.58 331.38
95 334.32 337.08
96 337.56 340.50
97 342.40 345.12
98 346.62 348.08
99 351.78 354.02
100 354.26 356.34
101 358.00 360.24
102 360.96 363.30
103 364.70 366.66
104 368.24 370.54
105 372.14 374.82
