0 2.42 5.36
1 4.58 5.78
2 21.50 23.08
3 23.18 25.76
4 30.92 32.64
5 32.62 33.94
6 33.96 35.26
7 35.02 36.14
8 35.28 36.76
9 38.04 39.78
10 42.18 43.42
11 42.62 44.26
12 56.68 57.78
13 66.20 67.40
14 73.56 74.86
15 78.14 80.56
16 85.40 86.68
17 90.46 91.78
18 98.64 100.98
19 102.44 104.48
20 103.58 104.94
21 105.88 108.22
22 107.54 108.70
23 109.10 110.24
24 110.16 111.42
25 110.82 112.52
26 112.22 114.34
27 114.68 117.04
28 119.28 122.14
29 125.46 126.74
30 126.50 129.46
31 139.04 140.42
32 140.40 141.70
33 145.98 148.24
34 148.86 150.46
35 150.38 151.58
36 151.12 153.24
37 155.12 158.08
38 164.66 165.76
39 164.96 166.26
40 166.46 169.26
41 170.40 172.92
42 173.78 174.98
43 177.62 178.72
44 195.58 197.10
45 214.36 216.00
46 217.48 219.20
47 224.98 226.56
48 226.82 228.66
49 229.46 230.96
50 232.16 233.30
51 240.16 241.40
52 240.66 242.34
53 246.50 247.78
54 252.14 253.28
55 267.28 268.62
56 271.00 272.48
57 272.68 277.38
