0 2.42 6.92
1 8.28 9.64
2 11.60 12.80
3 15.90 18.88
4 20.16 23.12
5 24.06 27.06
6 27.88 30.44
7 31.50 34.28
8 35.00 37.72
9 38.20 39.60
10 39.02 40.94
11 42.00 44.92
12 46.66 49.62
13 50.88 53.78
14 55.52 58.24
15 58.76 61.20
16 61.80 64.72
17 65.82 68.62
18 69.04 72.00
19 75.40 78.16
20 79.34 82.26
21 83.12 86.06
22 86.48 89.48
23 90.28 93.08
24 93.84 96.66
25 97.60 100.58
26 101.86 104.88
27 105.78 108.72
28 110.18 111.60
29 113.86 116.80
30 119.12 122.04
31 124.08 127.04
32 127.70 129.62
33 131.78 134.90
34 135.92 138.46
35 139.10 141.76
36 142.24 145.20
37 145.70 147.24
38 148.94 151.92
39 153.18 156.10
40 156.84 159.64
41 159.86 162.86
42 167.06 168.26
43 170.06 173.02
44 173.92 176.84
45 176.40 181.44
46 180.90 182.66
47 181.94 185.06
48 185.50 186.70
49 185.88 189.44
50 191.06 193.00
51 193.32 196.24
52 196.08 199.04
53 201.06 202.66
54 203.70 204.94
55 204.08 205.94
56 205.02 206.18
57 206.88 209.50
58 209.72 211.02
59 212.68 215.10
60 215.76 218.32
61 218.60 219.74
62 218.90 221.28
63 224.46 227.22
64 227.56 230.14
65 230.36 233.40
66 233.64 234.80
67 234.84 236.42
68 237.60 238.92
69 239.70 242.26
70 245.06 247.36
71 247.68 250.54
72 254.24 257.18
73 260.62 262.74
74 263.24 265.92
75 267.30 270.12
76 270.44 273.34
77 274.00 276.94
78 277.80 280.68
79 284.24 287.06
80 288.42 291.28
81 291.88 294.54
82 295.16 297.90
83 299.34 301.04
84 301.58 304.10
85 303.28 304.40
86 305.10 307.68
87 308.66 311.20
88 312.68 314.42
89 313.62 317.06
90 321.72 323.16
91 322.62 325.08
92 324.38 326.00
93 325.90 327.14
94 326.42 327.92
95 328.14 329.94
96 336.06 338.62
97 339.14 340.54
98 339.98 341.22
99 346.04 348.28
100 348.68 350.18
101 349.30 351.24
102 352.34 353.60
103 352.86 354.14
104 359.04 360.46
105 360.72 362.90
106 363.78 365.92
107 366.76 368.92
108 369.88 371.86
109 374.24 375.56
110 375.12 376.70
111 381.86 384.12
112 385.04 387.16
113 388.10 390.40
114 395.14 397.92
115 404.98 407.44
116 408.06 410.88
117 411.56 414.38
118 414.76 417.68
119 418.78 421.76
120 422.66 424.12
121 425.94 428.68
122 428.96 431.54
123 432.44 434.50
124 434.38 435.48
125 446.18 447.56
126 448.32 450.02
127 454.64 457.02
128 458.22 460.26
129 461.46 464.38
130 465.24 467.56
131 468.58 470.92
132 471.54 474.10
133 474.82 477.50
134 478.02 480.66
135 481.54 484.34
136 487.98 489.92
137 495.44 497.78
138 498.80 501.02
139 504.52 506.22
140 507.14 508.82
141 513.86 515.14
142 514.56 516.08
143 517.16 519.26
144 523.40 525.66
145 526.40 527.50
146 526.72 528.32
147 530.12 531.34
148 530.60 532.94
149 534.32 535.54
150 534.82 537.10
151 537.58 538.72
152 545.72 548.38
153 549.56 550.72
154 555.72 558.52
155 563.40 565.48
156 567.44 570.14
157 571.24 573.82
158 574.04 576.40
159 580.40 581.58
160 583.34 585.92
161 586.26 588.94
162 589.64 592.40
163 597.52 599.50
164 603.48 605.98
165 607.50 609.38
166 610.16 612.62
167 613.10 615.72
168 616.36 618.62
169 619.10 621.52
170 622.10 624.14
171 628.86 630.24
172 636.64 637.80
173 638.10 640.48
174 641.24 642.60
175 644.82 647.40
176 648.28 650.62
177 655.12 657.52
178 657.60 660.44
179 660.14 661.28
180 661.00 663.18
181 662.76 664.88
182 665.20 667.62
183 667.64 670.00
184 670.76 672.04
185 671.16 672.28
186 677.68 680.64
187 681.56 682.96
188 703.56 705.98
189 710.90 712.76
190 715.14 719.08
