0 2.42 6.76
1 7.44 10.04
2 10.02 13.02
3 13.44 17.64
4 19.22 20.36
5 19.50 21.92
6 23.00 25.80
7 26.02 28.30
8 29.04 30.12
9 31.88 33.08
10 32.82 34.78
11 35.06 38.06
12 42.70 45.16
13 46.12 49.12
14 50.82 52.22
15 51.44 53.44
16 53.16 55.88
17 56.02 57.64
18 56.84 58.70
19 59.34 61.68
20 62.16 65.12
21 65.56 66.80
22 66.32 68.92
23 69.00 70.52
24 69.98 71.28
25 73.32 76.12
26 80.90 83.54
27 84.44 87.46
28 87.10 89.72
29 90.00 92.86
30 92.66 95.16
31 94.96 97.54
32 97.56 100.34
33 100.00 102.88
34 102.86 104.18
35 104.16 106.10
36 105.26 107.68
37 108.60 111.32
38 111.04 112.40
39 112.14 113.68
40 113.12 114.92
41 114.92 116.66
42 115.94 117.80
43 118.56 120.74
44 120.28 122.94
45 122.62 125.62
46 126.44 129.42
47 128.86 131.78
48 131.72 134.66
49 134.12 135.98
50 135.86 137.00
51 136.98 139.76
52 139.66 142.28
53 142.20 144.76
54 146.82 148.70
55 148.94 151.50
56 151.16 154.34
57 153.48 155.60
58 155.82 158.64
59 159.44 161.50
60 162.18 164.44
61 164.80 167.66
62 167.94 170.46
63 170.74 173.14
64 173.14 175.32
65 174.48 175.88
66 175.88 178.54
67 178.96 180.08
68 179.54 182.04
69 182.34 185.30
70 185.06 186.32
71 185.62 188.28
72 187.72 190.62
73 191.08 194.16
74 195.16 197.96
75 199.08 201.54
76 201.80 204.78
77 204.80 207.72
78 208.18 210.84
79 210.78 213.70
80 213.74 216.48
81 216.18 218.38
82 218.82 221.68
83 223.12 224.94
84 224.10 227.04
85 227.28 230.38
86 229.52 230.64
87 230.76 232.12
88 231.24 233.14
89 234.62 237.40
90 238.58 241.46
91 241.42 242.84
92 242.02 243.64
93 243.56 246.70
94 246.52 248.36
95 250.10 251.50
96 250.68 252.86
97 252.10 253.92
98 252.94 255.04
99 254.66 256.62
100 255.82 256.92
101 256.76 259.56
102 260.06 262.62
103 263.90 266.48
104 266.62 269.52
105 269.28 272.14
106 271.94 274.82
107 274.50 277.44
108 277.48 280.36
109 280.20 283.16
110 284.88 286.26
111 285.78 288.48
112 290.02 292.32
113 292.40 294.86
114 295.00 297.28
115 298.40 300.46
116 300.18 303.34
117 303.84 306.32
118 306.76 309.50
119 309.76 312.86
120 313.22 315.98
121 316.14 318.68
122 318.92 321.56
123 321.72 324.52
124 324.50 326.28
125 325.98 327.52
126 327.98 331.02
127 331.16 334.14
128 334.26 337.04
129 338.78 341.08
130 342.86 345.50
131 345.96 347.48
132 347.28 348.70
133 349.38 350.52
134 350.18 351.42
135 350.68 352.52
136 353.26 355.84
137 356.20 358.16
138 357.32 360.52
139 362.84 364.06
140 363.24 365.62
141 365.46 367.12
142 367.04 368.64
