0 2.42 5.30
1 5.28 6.60
2 6.72 9.04
3 10.20 12.48
4 13.14 14.34
5 13.44 14.68
6 15.72 18.10
7 23.86 25.76
8 26.34 29.28
9 29.50 30.76
10 29.92 32.60
11 35.54 37.40
12 38.16 41.08
13 41.42 44.18
14 44.62 46.96
15 46.14 47.52
16 48.04 50.80
17 51.38 54.46
18 54.30 56.32
19 55.70 58.94
20 58.84 61.80
21 61.02 62.36
22 62.14 65.64
23 66.24 67.90
24 67.10 69.50
25 68.76 70.48
26 69.64 71.74
27 75.96 78.56
28 79.56 82.06
29 82.96 85.66
30 85.52 88.68
31 89.32 91.76
32 91.72 92.82
33 93.78 96.20
34 97.04 99.44
35 99.56 101.96
36 102.22 104.28
37 104.86 107.48
38 108.48 110.50
39 111.30 113.36
40 115.06 117.62
41 118.46 119.64
42 119.04 120.92
43 121.58 124.34
44 124.76 127.30
45 127.90 129.98
46 130.32 133.18
47 133.74 136.20
48 137.66 140.02
49 141.08 143.88
50 144.32 146.86
51 147.18 150.06
52 150.26 153.10
53 153.70 156.16
54 156.42 158.84
55 160.06 162.60
56 163.22 165.58
57 166.22 169.12
58 169.76 172.34
59 175.52 178.02
60 178.34 180.76
61 181.60 183.94
62 184.12 186.50
63 191.72 193.34
64 195.00 197.72
65 201.80 204.74
66 205.44 207.58
67 208.58 210.54
68 211.40 212.80
69 211.90 214.06
70 215.00 217.52
71 217.40 220.14
72 220.90 223.48
73 224.08 226.72
74 227.94 229.64
75 230.70 233.62
76 234.00 236.18
77 237.40 239.42
78 239.30 242.24
79 242.62 244.96
80 244.20 245.38
81 245.50 248.44
82 248.68 251.62
83 252.26 254.04
84 255.12 257.66
85 258.86 261.82
86 263.60 264.96
87 266.06 268.20
88 271.06 274.42
89 273.56 275.30
90 274.50 277.18
91 279.52 281.96
92 283.00 285.68
93 286.84 289.56
94 290.08 292.16
95 292.16 294.98
96 295.48 296.62
97 296.80 297.98
98 298.00 299.46
99 299.54 300.80
100 301.84 303.20
101 304.68 307.58
102 307.96 309.16
103 308.58 310.28
104 312.22 314.86
105 318.60 321.24
106 325.14 327.40
107 328.34 330.88
108 331.76 334.46
109 335.28 338.20
110 339.66 341.08
111 342.12 345.04
112 345.38 348.32
113 348.44 350.90
114 352.10 353.76
115 353.08 357.82
116 357.94 359.32
117 358.60 360.14
118 360.62 364.30
119 364.74 368.36
