0 2.42 5.34
1 6.18 7.62
2 6.80 8.12
3 12.22 14.78
4 14.82 17.70
5 22.92 25.72
6 25.94 27.60
7 28.08 29.30
8 28.56 31.40
9 32.24 34.08
10 34.62 37.28
11 46.88 49.36
12 50.14 51.64
13 52.44 54.62
14 53.76 54.88
15 55.32 57.90
16 58.38 60.60
17 62.64 63.74
18 63.16 64.66
19 64.18 65.46
20 69.60 72.48
21 76.74 77.88
22 77.88 80.52
23 80.76 82.84
24 83.12 85.68
25 86.00 87.38
26 88.38 90.94
27 91.10 92.62
28 91.86 93.06
29 93.52 96.12
30 95.90 98.84
31 101.70 102.92
32 102.24 103.66
33 104.30 106.40
34 107.68 109.00
35 118.78 120.70
36 122.50 124.78
37 125.04 127.88
38 133.60 136.30
39 139.48 142.36
40 143.58 145.44
41 146.68 148.42
42 150.18 151.74
43 151.92 154.18
44 154.10 156.28
45 166.26 167.38
46 166.52 167.96
47 167.08 168.64
48 169.50 171.66
49 183.38 185.02
50 186.34 189.14
51 189.52 191.24
52 194.64 196.20
53 200.08 201.36
