0 2.42 5.28
1 5.22 6.84
2 10.24 12.48
3 15.30 16.74
4 17.54 18.92
5 19.50 22.24
6 21.76 23.94
7 23.90 26.50
8 26.28 28.56
9 28.58 31.00
10 30.98 33.52
11 33.30 35.70
12 36.86 39.18
13 39.00 41.46
14 41.28 43.86
15 43.66 46.16
16 46.10 48.54
17 50.32 52.90
18 52.88 55.36
19 55.26 57.70
20 57.78 60.12
21 60.22 63.20
22 62.90 65.40
23 66.48 68.74
24 68.68 70.80
25 71.10 73.36
26 73.70 75.82
27 76.04 78.24
28 78.18 80.94
29 80.62 83.34
30 83.18 85.82
31 85.76 88.40
32 88.78 91.14
33 91.10 93.72
34 93.72 96.32
35 96.12 98.74
36 98.66 101.30
37 101.16 104.08
38 103.66 106.40
39 106.20 108.46
40 107.62 108.92
41 109.00 111.90
42 111.74 114.14
43 114.00 116.86
44 116.34 117.56
45 116.78 118.38
46 118.62 121.04
47 120.92 123.56
48 123.44 126.02
49 126.04 128.70
50 128.52 131.34
51 131.38 133.72
52 135.66 138.26
53 138.26 140.86
54 140.56 143.10
55 142.84 145.36
56 145.10 147.74
57 147.50 150.10
58 149.96 152.66
59 152.50 155.32
60 155.08 157.92
61 162.36 164.42
62 163.62 164.84
63 164.50 167.22
64 167.00 169.34
65 169.20 171.74
66 171.44 174.00
67 175.10 177.56
68 177.38 179.46
69 178.64 179.80
70 180.86 182.80
71 182.06 183.52
72 183.28 185.44
73 184.58 185.80
74 185.52 188.10
75 187.90 190.20
76 190.30 193.14
77 192.92 195.62
78 195.54 198.20
79 198.14 200.92
80 201.28 203.48
81 203.76 206.34
82 206.26 208.76
83 208.72 211.24
84 213.50 215.68
85 215.86 218.82
86 219.22 221.54
87 221.30 223.72
88 223.50 225.82
89 225.54 228.48
90 231.24 233.46
91 235.46 238.76
92 238.34 239.50
93 244.86 247.38
94 247.14 249.92
95 249.76 252.44
96 252.12 254.90
97 260.88 262.06
