0 2.42 5.30
1 4.92 7.04
2 7.58 10.42
3 11.22 14.04
4 14.40 17.12
5 17.68 20.18
6 20.98 23.44
7 22.60 23.72
8 23.94 26.88
9 27.32 29.04
10 29.60 32.54
11 32.62 34.54
12 34.12 35.24
13 35.72 38.10
14 38.20 40.94
15 41.12 42.36
16 41.74 42.88
17 44.12 45.38
18 44.58 47.02
19 47.60 50.16
20 51.44 54.24
21 56.18 57.42
22 59.84 62.44
23 62.78 65.28
24 65.92 68.86
25 69.22 71.60
26 71.74 74.70
27 74.96 77.92
28 78.28 81.22
29 82.42 85.40
30 86.02 88.94
31 89.50 90.80
32 89.96 91.54
33 90.66 91.78
34 92.64 95.22
35 96.00 98.26
36 99.28 100.52
37 99.74 101.00
38 100.32 101.44
39 102.42 104.72
40 106.12 107.24
41 106.86 108.10
42 114.76 117.42
43 118.42 121.06
44 121.12 123.98
45 124.62 127.30
46 127.32 130.14
47 129.96 133.02
48 133.22 135.50
49 135.44 138.34
50 138.96 140.20
51 139.44 141.10
52 145.12 147.92
53 148.42 150.60
54 151.64 153.96
55 154.48 157.14
56 157.64 159.92
57 160.26 162.94
58 163.40 166.12
59 166.28 169.04
60 169.12 172.06
61 172.30 174.36
62 174.94 177.46
63 177.54 180.20
64 183.18 185.38
65 185.64 188.12
66 188.04 190.82
67 190.64 193.50
68 193.36 196.14
69 196.14 198.66
70 199.76 201.92
71 202.20 205.12
72 204.80 207.04
73 207.52 209.88
74 210.82 213.72
75 214.20 217.20
76 218.54 221.40
77 221.42 224.34
78 224.88 227.20
79 227.30 229.68
80 233.34 234.48
81 234.94 236.48
82 237.18 239.30
83 239.78 242.76
84 244.24 245.82
85 247.50 249.30
86 249.80 252.14
87 253.38 254.86
88 254.04 255.30
89 259.58 262.02
90 267.10 268.72
91 269.34 270.94
