0 2.52 4.68
1 9.48 11.80
2 14.18 16.26
3 17.88 19.98
4 21.24 23.46
5 50.26 51.62
6 57.04 58.16
7 62.74 64.02
8 65.18 66.36
9 77.70 79.08
10 125.40 126.84
11 127.40 128.66
12 127.82 129.66
13 147.12 148.40
14 150.08 151.20
15 151.06 152.36
16 153.40 154.78
17 153.94 155.26
18 174.62 176.54
19 226.64 228.44
20 229.48 231.00
21 245.32 247.68
22 247.38 248.56
23 247.96 250.68
24 250.66 252.14
25 254.48 256.04
26 255.56 256.82
27 256.26 257.92
28 271.18 272.64
29 272.14 273.54
30 273.14 274.62
31 274.42 275.92
32 280.94 283.32
33 282.78 285.10
34 287.98 290.80
35 298.38 299.60
36 300.68 302.42
37 303.42 304.68
38 304.72 305.88
39 346.20 347.92
40 347.30 349.10
41 349.00 350.36
42 352.12 353.66
43 370.46 372.00
44 371.56 372.94
45 390.50 392.08
46 391.32 392.60
47 391.90 394.12
48 393.52 394.64
49 394.00 395.34
50 426.18 427.96
51 428.38 430.42
52 435.16 437.30
53 462.86 465.08
54 499.60 501.06
55 549.86 551.00
56 552.54 554.52
57 553.88 555.36
58 555.44 556.72
59 557.92 560.10
60 559.32 560.84
61 560.40 562.78
62 562.14 566.74
63 566.86 569.32
64 571.32 573.44
65 575.92 579.88
66 580.62 582.30
67 581.86 583.18
68 582.48 584.34
69 583.62 585.70
70 585.52 586.78
71 587.88 589.16
72 589.28 590.52
73 592.78 594.96
74 599.82 601.34
75 600.92 603.16
76 602.46 604.56
77 603.80 605.54
78 605.06 606.98
79 606.46 607.64
80 607.34 609.00
81 612.20 614.92
82 614.26 616.02
83 616.00 617.14
84 616.58 618.06
85 619.70 621.02
86 626.96 628.56
87 632.02 633.56
88 633.26 634.66
89 634.58 635.82
90 637.18 638.38
91 644.78 647.10
92 676.54 678.76
93 679.58 682.24
94 684.18 0.40
