0 2.42 5.30
1 9.18 12.00
2 12.30 15.14
3 15.42 17.04
4 16.34 18.26
5 17.98 19.30
6 18.58 19.98
7 22.74 24.30
8 23.96 25.50
9 24.74 26.04
10 29.10 31.90
11 31.76 32.86
12 32.38 33.60
13 35.18 36.46
14 36.04 37.16
15 36.26 37.46
16 41.30 42.98
17 44.34 47.50
18 47.42 49.24
19 50.38 52.46
20 56.64 58.22
21 59.66 62.40
22 66.22 68.80
23 69.30 70.58
24 70.54 71.82
25 80.68 81.86
26 81.26 82.94
27 84.02 85.52
28 87.18 88.60
29 89.42 90.70
30 90.16 91.88
31 92.26 93.80
32 93.08 94.52
33 95.58 97.50
34 99.26 100.90
35 101.06 102.36
36 101.48 103.58
37 103.22 104.60
38 104.56 106.02
39 107.32 108.70
40 108.20 109.54
41 109.80 112.56
42 115.62 116.82
43 116.48 117.82
44 119.90 121.02
45 123.00 124.36
46 124.08 125.68
47 127.26 128.92
48 131.38 133.72
49 136.80 138.56
50 137.78 138.98
51 139.76 142.24
52 142.76 145.76
53 146.28 147.64
54 147.88 149.92
55 149.96 151.34
56 151.36 152.54
57 151.68 153.88
58 154.54 155.72
59 157.04 158.72
60 158.40 159.56
61 159.80 162.96
62 162.84 164.38
63 163.58 167.02
64 168.58 169.90
65 169.88 171.24
66 177.04 179.78
67 180.58 182.24
68 187.56 190.30
69 190.50 192.58
70 195.00 197.76
71 198.26 199.56
72 199.04 200.62
73 200.86 204.18
74 203.60 204.94
75 205.70 207.64
76 209.86 212.08
77 213.58 214.96
78 216.22 217.64
79 218.34 220.62
80 221.10 222.74
81 222.10 223.76
82 223.80 226.82
83 227.72 229.24
84 230.70 233.36
85 233.76 236.62
86 236.06 237.16
87 236.74 238.92
88 239.62 242.02
89 242.96 244.30
90 245.12 247.00
91 246.28 247.72
92 250.44 253.26
93 252.36 253.50
94 252.86 254.08
95 254.18 256.30
96 256.52 258.88
97 260.06 261.62
98 261.70 263.16
99 262.50 264.80
100 265.52 267.40
101 266.74 268.00
102 267.56 268.84
103 268.52 269.96
104 270.12 271.88
105 271.98 274.92
106 274.06 275.16
107 277.10 278.30
108 277.98 279.52
109 279.66 281.12
110 280.28 281.68
111 281.36 282.70
112 286.98 288.30
113 287.52 289.86
114 292.92 295.36
115 296.02 297.88
116 298.18 299.50
117 301.64 303.00
118 302.28 304.22
119 304.60 307.08
120 308.16 310.24
121 311.28 312.72
122 313.40 315.38
123 315.88 317.08
124 316.28 318.56
125 318.98 322.18
126 322.02 324.38
127 325.88 327.62
128 328.92 331.92
129 332.64 335.34
130 339.06 340.18
131 340.80 342.28
132 343.42 344.52
133 344.78 346.34
134 346.86 348.62
135 348.78 351.14
136 351.96 354.06
137 354.92 357.84
138 358.52 361.30
139 361.30 364.24
140 363.86 365.58
141 366.32 368.92
142 371.50 374.12
143 374.62 375.82
144 375.14 377.12
145 378.88 380.60
146 380.30 381.40
147 381.68 383.96
148 384.48 386.74
149 388.00 390.20
150 399.56 401.18
151 401.24 402.98
152 402.74 404.88
153 404.02 406.32
154 407.10 409.74
155 410.66 412.30
156 413.18 414.44
157 415.64 417.40
158 422.72 427.32
159 427.42 428.56
160 428.52 429.76
161 430.48 432.30
162 432.84 434.12
163 434.46 436.12
164 435.76 439.62
165 441.56 442.98
166 442.36 444.64
167 443.80 445.20
168 445.26 447.74
169 451.62 452.96
170 452.70 454.46
171 453.70 455.06
172 457.52 459.48
173 460.76 463.68
174 464.48 465.70
175 464.88 466.26
176 465.96 466.98
177 466.00 467.04
178 471.72 473.76
179 473.22 475.78
180 476.90 479.70
181 482.10 483.58
182 483.94 486.26
183 487.76 490.88
184 490.24 492.46
185 492.68 494.04
186 493.34 494.50
187 494.04 495.64
188 496.22 497.66
